site,treatment,core,tension,AminoSugar,Carb,ConHC,Lignin,Lipid,Other,Protein,Tannin,UnsatHC,total
CPCRW,drought,C21,1.5 kPa,0.03471261009548352,0.0737145078121121,0.011995364382422581,0.28279848375286526,0.32966933185198183,0.006227625570119637,0.2410357657645332,0.017968654456044588,0.001877656314437197,1
CPCRW,drought,C21,50 kPa,0.03354660713137217,0.10500247075149463,0.014607895486980353,0.5090638751115658,0.08202735641443823,0.00537525260666367,0.227007004220162,0.021461054046255406,0.0019084842310676078,1
CPCRW,drought,C22,1.5 kPa,0.040848381440625366,0.16998522395355128,0.015239183502043997,0.4979016352788532,0.08923600203025853,0.010632633681461834,0.15391558649083467,0.020904021911037848,0.0013373317113332987,1
CPCRW,drought,C22,50 kPa,0.04662112049588744,0.10401726996763379,0.018202222463675612,0.6015020576873756,0.051245873044573745,0.004422805994570777,0.1386353851792114,0.03481009282501134,5.431723420602663e-4,1
CPCRW,drought,C23,1.5 kPa,0.0527591409569538,0.08791251665427131,0.005235735268156328,0.6320544522084304,0.059609471955335246,0.006189162546714564,0.13543297710819782,0.020313779241736742,4.927640602038217e-4,1
CPCRW,drought,C23,50 kPa,0.046435500591414595,0.04876662461631456,0.005577172292772761,0.6040104068859409,0.10768202987566637,0.0017234727268406454,0.1594057935533697,0.025216660118398872,0.0011823393392815975,1
CPCRW,drought,C24,1.5 kPa,0.02989648735940084,0.13318625953590663,0.014187479181045098,0.5741053983530765,0.05538987061886882,0.011207349661660168,0.13457767718685024,0.044315865121476554,0.003133612981715124,1
CPCRW,drought,C24,50 kPa,0.025968474137090285,0.10302371723740904,0.02351316504231515,0.6154101581456095,0.04952966328577329,0.007927296681315131,0.12778443167024586,0.04554112884513683,0.0013019649551048475,1
CPCRW,drought,C25,1.5 kPa,0.056905397648208254,0.19248399193875082,0.004522640734049621,0.38259031666618903,0.08785496664725523,0.10115655255526333,0.16330180141451836,0.01050964789657464,6.746844991907847e-4,1
CPCRW,drought,C25,50 kPa,0.06471727611423599,0.1847493641159185,0.006781737684827085,0.4746137043298119,0.06290960002631428,0.011824708349639878,0.15283109575072806,0.04137806848297627,1.9444514554801002e-4,1
CPCRW,field moist,C16,1.5 kPa,0.0036666655286188812,0.004560596690663785,0.02099785385396709,0.7494969035062444,0.09878256222213867,0.0013838372055807382,0.08994304002967977,0.023569036365099407,0.007599504598007247,1
CPCRW,field moist,C16,50 kPa,0.0020635199161284953,0.002953521139892255,0.019134741832741872,0.859236716862276,0.016952666373748832,0.0012875081353182947,0.038139055648472225,0.05720390579771477,0.0030283642937073015,1
CPCRW,field moist,C17,1.5 kPa,0.0036659531040981307,0.004839199349738128,0.02751298409201747,0.6541813731107042,0.1609788948419344,0.0015966714155520388,0.11688342236021863,0.022539228282549985,0.0078022734431869205,1
CPCRW,field moist,C17,50 kPa,0.0021110950874897393,0.0033672048871037754,0.022558062420110072,0.8067883796180256,0.0924896859341465,0.0016821959823634374,0.04031383003523587,0.026384601201431084,0.0043049448340939786,1
CPCRW,field moist,C18,1.5 kPa,0.0038368226205330366,0.006203625354554116,0.01950917006450837,0.7998638572687587,0.06966841120506664,0.0014745626901883917,0.07721454269071183,0.018595238436665898,0.0036337696690129017,1
CPCRW,field moist,C19,1.5 kPa,0.0041832655288725476,0.0024890913873971206,0.027582008670021533,0.3295198582043579,0.4698734787007017,0,0.14327209171452532,0.014459741376326366,0.008620464417797482,1
CPCRW,field moist,C20,1.5 kPa,0.0013377212178255393,0.001949638944186307,0.017416836315823445,0.4003592351555252,0.4090618916968922,2.9770242053134906e-4,0.15126519878671132,0.013301699837158563,0.005010075625346082,1
CPCRW,field moist,C20,50 kPa,0.0019494825398266517,0.003100501763185515,0.0357900718960918,0.8228076599993014,0.05624729755488125,0.0017940948201221598,0.04064724358518961,0.03432973666058126,0.003333911180820394,1
CPCRW,saturation,C11,1.5 kPa,0.001999397757068784,0.0025761507375121253,0.02748185277675112,0.4669309688923299,0.2302310127823996,7.487644729552281e-4,0.24086251729611335,0.016261806421814014,0.012907528863055908,1
CPCRW,saturation,C11,50 kPa,0.0050435563090817735,0.007703903309012715,0.02496797373477747,0.7246478284997372,0.056903211839908735,5.879395833460347e-4,0.12991583942813742,0.04770389362998135,0.002525853666017321,1
CPCRW,saturation,C12,1.5 kPa,0.005831803294623395,0.005096589172096679,0.00903379037939409,0.6470679299595734,0.16950482664108737,0.0012535475953851989,0.1502649140071752,0.008928760255295053,0.0030178386953696266,1
CPCRW,saturation,C12,50 kPa,0.005136669876299447,0.012437550255290425,0.012532670572445961,0.6665299741787785,0.11802964934346655,3.909567908391943e-4,0.14715352370219234,0.018899487705158747,0.01888951757552899,1
CPCRW,saturation,C13,1.5 kPa,0.007799481889796727,0.004842474074803436,0.015730296919264954,0.49157635302694686,0.32619761286107857,0.0017847197452389113,0.13638098508904298,0.010195402627377104,0.005492673766450516,1
CPCRW,saturation,C13,50 kPa,0.006824807863017952,0.013203546754073356,0.03312764954637329,0.681890773086341,0.12040747061259285,4.194511773327322e-4,0.11565465596407509,0.02743051641790541,0.001041128578288315,1
CPCRW,saturation,C14,1.5 kPa,0.006428166817574587,0.005015671391244126,0.01403067597029136,0.5394732771551309,0.2150981873599824,0.0017823119755832214,0.19648225496487,0.013157191296516418,0.008532263068807042,1
CPCRW,saturation,C14,50 kPa,0.004116254290766852,0.002584910685462093,0.029501507734253356,0.7224730818028884,0.08909151414933952,3.8766109164170684e-4,0.11917140490530095,0.031633060197795784,0.0010406051425512562,1
CPCRW,saturation,C15,1.5 kPa,0.004692143035914867,0.0054158388661082624,0.0017775839738350032,0.4826728644605746,0.27362979378735824,8.317835359423413e-4,0.22351142535087248,0.0034952993017114266,0.003973267687682677,1
CPCRW,time zero saturation,C10,1.5 kPa,0.005860881493446385,0.004693077592307557,0.01256288863884642,0.41609870137989163,0.3260867110044787,0,0.21388803940343507,0.009737506961397004,0.011072193526197245,1
CPCRW,time zero saturation,C10,50 kPa,0.004056354808758666,0.004690766817608451,0.015621738444354882,0.7207050318579318,0.13427713593762838,0.0014768855125915647,0.08222276504474235,0.017976588344480234,0.018972733231903703,1
CPCRW,time zero saturation,C6,1.5 kPa,0.009724231212249865,0.003205244833463828,0.02905069973135985,0.37684089683748706,0.33891616358441184,8.653276126578217e-4,0.20844962295413505,0.02174868001417477,0.01119913322005992,1
CPCRW,time zero saturation,C6,50 kPa,0.004087065493063528,0.0041177612477453955,0.055181223079182835,0.6832040180974368,0.12262352965911631,0.0017641826720830157,0.09503341178777842,0.027457692683273315,0.006531115280320331,1
CPCRW,time zero saturation,C7,1.5 kPa,0.011530701614970865,0.004380551333775308,0.007683171573978505,0.4385175900251858,0.23544990087531162,0.0010447412572194685,0.2737542994881068,0.012440792999929166,0.015198250831522486,1
CPCRW,time zero saturation,C7,50 kPa,0.004002203179401399,0.00591081830883317,0.017030714635973204,0.8089072700385147,0.07273326644149393,0.0023741084743123387,0.06013680013002776,0.026350899116549923,0.0025539196748935603,1
CPCRW,time zero saturation,C8,1.5 kPa,0.008378024828308931,0.0035752510720568004,0.03378117386233915,0.5340838207877673,0.18789909926255252,9.181719601708107e-4,0.20345532764402471,0.019865616890573354,0.008043513692206362,1
CPCRW,time zero saturation,C8,50 kPa,0.0028325866777357913,0.0027181671817340367,0.06436289650449922,0.770673259405942,0.05021271260199528,5.843653652533155e-4,0.05980152506795806,0.0445132861979518,0.004301200996930584,1
CPCRW,time zero saturation,C9,1.5 kPa,0.005327390277814071,0.0019620531027032175,0.04462936222473238,0.7016742785304501,0.12301091248393001,5.696945281992752e-4,0.09682275779530976,0.02351731615901322,0.0024862348978480393,1
CPCRW,time zero saturation,C9,50 kPa,0.0034782081011177296,0.0034056704079881415,0.054987903545929494,0.803138075445661,0.05309809465242335,4.959940501033972e-4,0.05270493297568422,0.02780415924665326,8.869615744394104e-4,1
DWP,drought,D21,1.5 kPa,0.016157397671786883,0.0931662609078596,0.02265710308851303,0.3518067508051104,0.2229572489230259,0.007020817231244202,0.2730865984843139,0.004834192479539583,0.00831363040860649,1
DWP,drought,D22,1.5 kPa,0.0061962973730315994,0.11747093131779097,0.031346182404552426,0.3217876521784333,0.310842634761056,0.010048490317227089,0.1417657345965433,9.069445164082678e-4,0.05963513253495705,1
DWP,drought,D22,50 kPa,0.006209199262225644,0.02577559799081396,0.024549312948373078,0.5619544606317358,0.15608228832828688,0.004487012430380469,0.1938603396760145,0.0108292845696437,0.01625250416252603,1
DWP,drought,D23,1.5 kPa,0.009150214989771454,0.050339783656020896,0.019300713384722244,0.48514892827811096,0.22870161723043883,0.007236902730222608,0.18926780671591098,0.0034144136586730517,0.007439619356129003,1
DWP,drought,D23,50 kPa,0.013687679574160973,0.019569461618582508,0.022339936283420216,0.6190249634574353,0.10863214485533905,0.004393372943324868,0.19213481203317948,0.015541852019642822,0.004675777214914843,1
DWP,drought,D24,1.5 kPa,0.010006171103687947,0.06059583352976481,0.01478846759973313,0.47466566973257734,0.20433188616805242,0.007441392842611178,0.219896303154579,0.005958372130236329,0.0023159037387578685,1
DWP,drought,D24,50 kPa,0.024391281925776925,0.04945999765930534,0.015377123831945873,0.4954458169459335,0.10859506063222175,0.007317800635663533,0.27780555951259994,0.013548155232699269,0.00805920362385398,1
DWP,drought,D25,1.5 kPa,0.009747556282605483,0.09467615095071265,0.027064171419677444,0.535768130489625,0.11478069834841002,0.013500379164271131,0.19666193601105597,0.006887133211956679,9.138441216855113e-4,1
DWP,drought,D25,50 kPa,0.010986780352463466,0.06749591065155323,0.031567542968298834,0.5458048336904714,0.08803732453223026,0.007145321955656085,0.22671843147548107,0.0209041369787188,0.0013397173951269464,1
DWP,field moist,D17,1.5 kPa,0.004037189620613099,0.003478965631897027,0.05335675277861136,0.5575056679158232,0.21766826275050308,0.0020242139235082425,0.11990359587043373,0.03171409402857036,0.010311257480039821,1
DWP,field moist,D17,50 kPa,0.00917151910416595,0.003523541450063216,0.05339206324380891,0.7149144767831112,0.08967516275470286,0.001386893696465311,0.08620880876009196,0.039212132539721944,0.0025154016678686263,1
DWP,field moist,D18,1.5 kPa,0.007467658037098851,0.0037475762383924103,0.028487690293904112,0.5161686378369192,0.22879603614874414,0.0019768595697133608,0.1667839935792141,0.023015120588053883,0.02355642770795983,1
DWP,field moist,D19,1.5 kPa,0.00893377240447767,0.003215842034132461,0.009169350403608029,0.6102226468594226,0.16273018264083552,0.002788831861239357,0.16002693117083824,0.023936552375522665,0.01897589024992341,1
DWP,field moist,D19,50 kPa,0.006725265795201518,0.0031824499451906887,0.025837399604677184,0.7436401922641099,0.07699873151251019,7.839951003382081e-4,0.09781552874334803,0.03206308466315188,0.012953352371472417,1
DWP,field moist,D20,1.5 kPa,0.005806397233959976,0.00241013541678415,0.032808011134555545,0.5746509595451958,0.2242596126352159,0.0010023155001519398,0.13108029215995118,0.01976066919946275,0.008221607174722709,1
DWP,field moist,D20,50 kPa,0.0076537171395572355,0.0032492364479206766,0.030686576364953515,0.672133060137054,0.11405016632603476,0.0011234101482876706,0.1369940588713037,0.023424721798056394,0.01068505276683204,1
DWP,saturation,D11,1.5 kPa,0.002454248333642387,0.0023580552706541865,0.0745610382496095,0.6465898192182687,0.15685062887891152,0.0012957560883726314,0.08621968352052256,0.01292902305834667,0.016741747381671713,1
DWP,saturation,D11,50 kPa,0.004454750336263931,0.0073457380972403175,0.024089266937407663,0.2387971984966742,0.6005660791199324,3.888805122676803e-4,0.08018494158028136,0.03951455979123392,0.004658585128698621,1
DWP,saturation,D12,1.5 kPa,9.345897684944035e-4,0.012553244336057165,0.08691443896153246,0.28332871990354186,0.37052352543215256,0.0026333670338533795,0.20924609130108768,0.009643944126283197,0.0242220791369973,1
DWP,saturation,D12,50 kPa,0.005292597913444234,0.014306214156490107,0.05083957964458243,0.5848547323576038,0.1539334086889031,0.0013096686425730524,0.1418625407073359,0.015034357941521824,0.03256689994754562,1
DWP,saturation,D13,1.5 kPa,0.0066348584560801315,0.014645814485259154,0.024197970173996455,0.4828049299373595,0.30811981577815334,0.00170136901654317,0.13006610386913448,0.01268024583088047,0.01914889245259322,1
DWP,saturation,D13,50 kPa,0.01064718164714178,0.005922203446065787,0.055701698981434636,0.7132610085048935,0.07004113580525055,4.863489338787349e-4,0.09997094799894199,0.039793300134644015,0.004176174547749048,1
DWP,saturation,D14,1.5 kPa,0.0020845494608823316,0.004069234063005596,0.08434498118006463,0.6779674939046865,0.1169031980176958,9.239395725607913e-4,0.0819696328920936,0.023048808866128406,0.008688162042882459,1
DWP,saturation,D14,50 kPa,0.0037429568903093484,0.006335564660294807,0.08690154959224312,0.6910430070817447,0.05702511769171201,0.0016814129589395061,0.07423229413038729,0.07224948271647043,0.006788614277898682,1
DWP,saturation,D15,1.5 kPa,0.0016423549797526958,0.006130708230636597,0.0789434335201938,0.6146108089669878,0.10618478165821874,0.0019754740685734374,0.1387745859216999,0.0375595091600407,0.014178343493896368,1
DWP,saturation,D15,50 kPa,0.006310401675034835,0.009171682041418367,0.030583809783949138,0.717067733689455,0.06232049791341102,0.0015411180274904066,0.13103966543509152,0.031154207957166086,0.010810883476983637,1
DWP,time zero saturation,D10,1.5 kPa,0.08872277783123934,0.16627475794886698,0.01986389474148133,0.19638750424973528,0.1965402194337253,0.011385278011388273,0.26689064779385485,0.04760743451473427,0.006327485474974376,1
DWP,time zero saturation,D6,1.5 kPa,0.1263435148259061,0.15815630108638667,0.03404729205348953,0.20482957366070748,0.04558546383661371,0.011963598453435807,0.35944381297385686,0.05266565487027291,0.006964788239330907,1
DWP,time zero saturation,D6,50 kPa,0.11276666405708372,0.12417881482713004,0.030012585583117462,0.24996873222816385,0.02312473095397327,0.006178421334256855,0.39517926409573007,0.053022612099196516,0.005568174821348263,1
DWP,time zero saturation,D7,1.5 kPa,0.13252170370235145,0.17292158192688725,0.01862079098156708,0.2344570883181503,0.07083502808051098,0.010965438512838313,0.3013931076570727,0.045537139496608633,0.01274812132401333,1
DWP,time zero saturation,D7,50 kPa,0.11109239478151324,0.11930363207037573,0.024276029271438238,0.3170139629356899,0.03507716639258513,0.0076040619110840065,0.3151089886839031,0.053821259544177706,0.01670250440923297,1
DWP,time zero saturation,D8,1.5 kPa,0.024955217181372048,0.045661117790547524,0.005635593045831033,0.08836653278850053,0.4734211577178934,0.00203262252186828,0.3365550031819146,0.009678491715037452,0.013694264057035142,1
DWP,time zero saturation,D8,50 kPa,0.050658711064077905,0.07400337934574576,0.026831814900365226,0.41140562597332714,0.11883520227872807,0.005021904409322925,0.25169580189870583,0.0429582251826666,0.018589334947060575,1
DWP,time zero saturation,D9,1.5 kPa,0.015629991252912832,0.006655538671868954,0.004714748799958978,0.038873182107126085,0.6832060707282722,0.0013426264510868432,0.2390339194013468,0.0018261752789030547,0.008717747308524293,1
DWP,time zero saturation,D9,50 kPa,0.07701459773949859,0.0790060415372894,0.017649058786888376,0.3493009720083798,0.1325081276861291,0.004978791975833714,0.274876430971135,0.057217836603357004,0.007448142691489101,1
SR,drought,S10,1.5 kPa,0.008899365131653666,0.0014417880920686345,0.00895184417724441,0.37235509033550174,0.3854390107935502,0.0012506335008786486,0.17434902550623071,0.0044997591779468845,0.04281348328492511,1
SR,drought,S10,50 kPa,0.0013272330963942024,0.0017099793897953478,0.0045679800142606935,0.24260395377485647,0.5604924378801857,5.028425588488982e-4,0.15575732883599985,3.7810956429933665e-4,0.032660134885359536,1
SR,drought,S14,1.5 kPa,0.007605657511782508,0.001457846387724155,0.006898820048293206,0.2799940118809226,0.4729969488610323,8.650220077550324e-4,0.18792877042770503,0.0019301003341026142,0.04032282254068255,1
SR,drought,S14,50 kPa,0.005646296463257575,0.0034306121232675207,0.0013004264119121202,0.4008887027519785,0.41439721639968835,0.0012111957061449598,0.16193438305117408,0.007042822665283459,0.00414834442729339,1
SR,drought,S25,1.5 kPa,0.0016087343078325077,0.0013466904557054387,0.011409943897232173,0.29671130727644857,0.4359286085702496,0.004370311696970836,0.13599395969246703,0,0.11263044410309384,1
SR,drought,S25,50 kPa,0.002614917358139791,0.0030597555358571004,0.001692128746340478,0.6509608635703187,0.2468083609009887,0.002989744718340346,0.08630776734491699,8.523031396296466e-4,0.004714158685468324,1
SR,drought,S4,1.5 kPa,0.0012703054740758493,4.540667058639449e-4,0.016997451004338332,0.24503894510398358,0.4777438599438523,7.807569513051734e-4,0.20862494309282648,0.004547784540274333,0.044541887183480074,1
SR,drought,S5,1.5 kPa,0.013677030155101936,0.0018027607781350978,0.03171675016263129,0.31614804606722957,0.39657221190143516,0.005759031712515123,0.22211950894801688,0,0.012204660274935043,1
SR,drought,S5,50 kPa,0.0029138681272920398,0.003942812010167794,0.009337250506581978,0.4134256415891361,0.25067588283647785,0.0017255488592648285,0.28541016847015016,0.001774820126650176,0.030794007474279142,1
SR,field moist,S1,1.5 kPa,0.03536513069735523,0.007638539801556505,0.019743715590049164,0.24093951757866008,0.3316470433927975,6.349974574704748e-4,0.33604068830778105,0.00790339946020925,0.020086967714120742,1
SR,field moist,S1,50 kPa,0.019978763002513097,0.004871761118773349,0.009494692910135993,0.3578739872928448,0.418108796292324,0.002558869955264285,0.15330590769205432,0.004046808677630978,0.029760413058459178,1
SR,field moist,S13,1.5 kPa,0.012570530258375982,0.008308412615833424,0.001590755736341363,0.07560928631502992,0.8244955585726054,0.0011213326682745178,0.054675507461447954,0.002561695823789142,0.019066920548302384,1
SR,field moist,S13,50 kPa,0.012873318923840278,0.002919941462988724,0.0022616698027578415,0.19707822337810843,0.6718644116567583,0.0012398493430328622,0.08409829058464177,0.0014560173440426292,0.0262082775038293,1
SR,field moist,S15,1.5 kPa,0.015835473165201588,0.005548797958935268,0.005520290910978106,0.22366245100661294,0.4956227867350028,8.396767859219903e-4,0.2359888309064432,0.0018764662162932724,0.015105226314610877,1
SR,field moist,S15,50 kPa,0.0140909566269401,0.007966026687615146,0.007543868587425299,0.4091975918072179,0.3681036544857295,7.565314881004796e-4,0.16707909455964945,0.0040277116603395224,0.021234564096982576,1
SR,field moist,S19,1.5 kPa,0.009231472298946736,0.037739491517573324,9.742290548296121e-4,0.6792316955056285,0.12039307164898257,0.0011860465889575072,0.1389909614428194,0.0038863585934877888,0.00836667334877474,1
SR,field moist,S19,50 kPa,0.005433184658508021,0.03159548421351487,0.0018402187830095906,0.5370359439904806,0.2878752696625483,8.843893376662213e-4,0.11739325240392522,0.0027454974801319402,0.015196759470215149,1
SR,field moist,S21,1.5 kPa,0.008328387701555444,0.02116259570502324,0.007871503261780988,0.22735473701720185,0.4696000289248862,0.0015612097883601417,0.24415683386892337,0.004795407268638665,0.015169296463630067,1
SR,field moist,S21,50 kPa,0.00944514922861299,0.004394706839149187,0.004203853522239634,0.3019406579033966,0.44000641986064853,0.0012397389523671168,0.20275308308439569,7.335194227576749e-4,0.035282871186432516,1
SR,saturation,S18,1.5 kPa,0.008339542221350872,0.002011667268669596,0.00782173205410289,0.1704747705720498,0.7023288468007997,0,0.07536374153406747,0.0023493612861883,0.03131033826277147,1
SR,saturation,S18,50 kPa,0.015758972999105413,0.004792985527587082,0.008098922204727294,0.2512233494830634,0.4683092314802094,0.002030597887931664,0.22888611962337665,0.0013385026904990404,0.019561318103500112,1
SR,saturation,S2,1.5 kPa,0.0054168623336817295,0.004085611741725389,0.005221803879537222,0.12083930171841938,0.719145571294671,0,0.08470889896834484,9.070624040467565e-4,0.0596748876595737,1
SR,saturation,S2,50 kPa,0.007632338473622724,0.003781848692793277,0.02811626408717987,0.17634438465854413,0.5198518177856867,1.578568017416411e-4,0.22453607844645623,0.003592572482661464,0.03598683857131403,1
SR,saturation,S24,50 kPa,0.023350652210345754,0.0032683124763505387,0.008304165010778157,0.3657448636196201,0.20392042071303515,0.0013918499374395716,0.37803164331321537,0.0017638548851070187,0.014224237834108292,1
SR,saturation,S3,1.5 kPa,0.0029656264514823765,0.015096525099770544,0.0026281686676648203,0.2438146603878519,0.6087308498034807,0,0.1037072364360641,8.906696317207383e-4,0.022166263521964963,1
SR,saturation,S3,50 kPa,0.01961620932304864,0.0033949224750371683,0.0056605435687337715,0.3421580511107099,0.3547039902171537,6.657527848040557e-4,0.24841737391813767,0.0019735493572869147,0.023409607245088167,1
SR,saturation,S7,1.5 kPa,0.007034734666234405,0.01040941587352185,0.007367971533121543,0.23534127116268738,0.5716980930211232,0,0.11594258163626364,0.003109282459717758,0.049096649647330216,1
SR,time zero saturation,S11,50 kPa,1.959464467281845e-4,0.001765701584472592,0.01881963384469379,0.8625475828405568,0.02463441791771176,0.0010399834020438795,0.035148731781351444,0.055355900346629495,4.921018358120824e-4,1
SR,time zero saturation,S16,1.5 kPa,0.015795871304637808,0.0035185405013324345,0.01151805267187948,0.1361695312927816,0.3429095422620828,0.0015159949718444995,0.433318144775351,0.002242219600030936,0.0530121026200595,1
SR,time zero saturation,S16,50 kPa,0.014356580174265188,0.0014558486715970666,0.007221560715336996,0.2544632522936442,0.524370999657055,0.0017805380640695501,0.13290457099813266,0.009466337360002462,0.05398031206589692,1
SR,time zero saturation,S17,1.5 kPa,0.011985441298125558,0.004880809344836269,0.004732452972222668,0.15915546206735692,0.6088085840844537,0.0010830763978525795,0.1871516637597611,9.172691086525019e-4,0.021285240966738703,1
SR,time zero saturation,S17,50 kPa,0.006413950350524994,0.0017471498616130653,0.023452482428859795,0.22382034028265652,0.5562203385004747,7.693034457112973e-4,0.15568439523112568,0.004907473650222337,0.02698456624881166,1
SR,time zero saturation,S23,1.5 kPa,0.025827024207078518,0.0073644128154235055,0.01921657146422965,0.17478511625602022,0.3442368438733735,0.007404346605042071,0.39583343399582316,0.0019649053076338154,0.0233673454753756,1
SR,time zero saturation,S23,50 kPa,0.07549939385381184,0.0013323626749112162,0.007648251035950071,0.31267706822934377,0.22731761654856963,0.002677036052675893,0.35584237257557333,0.0015139148387926537,0.015491984190371575,1
SR,time zero saturation,S9,1.5 kPa,0.019883092228423944,0.004554012512452152,0.01593436911709445,0.16738207648845593,0.45695305533254005,0.004002248786898265,0.30967005469363795,0.003367128468136705,0.01825396237236058,1
SR,time zero saturation,S9,50 kPa,0.012285140327637407,0.0022244330726545036,0.014884292922513425,0.3625844823824256,0.36193737143303895,0.003688834803522959,0.20573634827262696,0.005666355815407425,0.030992740970172815,1
