site,treatment,core,AminoSugar,Carb,ConHC,Lignin,Lipid,Protein,Tannin,Unnamed,UnsatHC,total
CPCRW,baseline,C1,2.504235342104884,8.431815563910847,5.9463146915048615,36.8835873395455,29.876539185788516,9.809099100636132,4.202015302215777,1.7555419428331285,0.5908515314603587,100
CPCRW,baseline,C2,3.1428453776929444,15.21141690750744,7.686985194027419,35.10098751616051,18.888329772464825,12.128555869727087,4.4411982322159735,2.7881024120010625,0.611578718202744,100
CPCRW,baseline,C3,3.6758308275004774,12.223755538762125,6.003475942270585,38.72283675933185,18.29320948175818,11.974950576855473,6.489471365630991,1.6977352799800733,0.9187342279102347,99.99999999999999
CPCRW,baseline,C4,2.303135775822404,4.757806447608576,3.569931956691317,34.86812849622699,33.98778327553774,14.842701847212501,3.9452642880783038,1.1926135746822177,0.532634338139952,100
CPCRW,baseline,C5,1.8354729160010117,13.454428764906385,9.023740769242165,35.60733364502538,22.224188951373716,9.197304863716765,4.881179900565439,2.9638660337517773,0.8124841554173619,100
CPCRW,drought,C21,1.4962513045546704,4.222007310334522,9.643210706231642,51.30112115065009,12.179113493629428,13.51210900752223,5.6546127442711125,0.9401637145682203,1.0514105682380768,100
CPCRW,drought,C22,1.0857834360562062,3.073276060952095,10.848002485987264,60.569918585771525,6.501544590505379,9.346980244788892,6.482897635549985,1.3557569644938403,0.735839995894821,100
CPCRW,drought,C23,1.5625471135868199,2.1435815924556905,7.090549381526089,65.61425419748316,4.901408834752912,10.198308486953492,6.739282223647469,0.9765085650103115,0.7735596045840591,100
CPCRW,drought,C24,1.4405389112525866,3.881315598645975,9.736143593139747,55.061063340983345,11.610247262272688,10.689106539964927,5.387177197392249,1.1438105648408303,1.0505969915076596,100
CPCRW,drought,C25,1.7971920068162752,7.544271909871223,4.108425737805085,48.29346411910406,15.369797978244122,15.807186631659706,5.329695829666216,1.165625109032124,0.5843406778011923,100
CPCRW,field moist,C16,1.7906943892988318,3.6894719175095188,5.658430515265529,63.20158541294719,7.97310424836919,9.360897064853154,6.291583510648381,1.2845200238667636,0.749712917241451,100.00000000000001
CPCRW,field moist,C17,2.1951920084142316,14.42373385339587,8.026868049743632,40.320616332932566,14.95517233822272,11.125160577947158,5.057427959791191,2.9670362925338427,0.9287925870187823,100
CPCRW,field moist,C18,1.328350823924122,4.971390502185442,5.568336696288754,40.84211164123718,29.3778482725604,11.633552488122744,3.497799571155479,2.0206059473560116,0.760004057169872,100
CPCRW,field moist,C19,1.6252060365580958,14.969087732765562,8.29407754691446,33.80402484613499,20.306837071244928,12.340617738415315,3.522213509003631,3.7830111979610797,1.354924321001938,100
CPCRW,field moist,C20,4.025241480533922,9.941258112636962,7.824554857177631,49.329095636807686,9.114929874633482,11.452464802712125,4.682955701111846,2.4402583423344457,1.1892411920518946,100
CPCRW,saturation,C11,2.5994242074197453,9.327014646339356,7.692707762330122,36.69210945899492,23.228039055363716,12.68475728320199,5.087909386184691,1.7416550013679746,0.9463831987974749,100
CPCRW,saturation,C12,3.1758955972164404,7.531182045084212,5.920567319830828,39.498924889792725,23.991778992328655,12.887960209174492,4.928037474126902,1.2518320348365308,0.8138214376092165,100
CPCRW,saturation,C13,4.572738401916473,12.602403370232388,5.52288461515443,30.5890025801104,23.708736258149916,15.324574230137403,3.91428740411838,2.540017482504746,1.225355657675879,100
CPCRW,saturation,C14,3.5750709780684176,13.29617845386957,6.454796238881915,35.81396874520777,19.45821630774974,13.512998193262431,4.93834682653631,2.0769308455038407,0.8734934109200037,100
CPCRW,saturation,C15,2.944218700935981,11.163791202827554,4.455718527625925,34.76080585568026,21.43996550434536,19.038228782890073,3.997707073027025,1.4085052073585718,0.7910591453092496,100
CPCRW,time zero saturation,C10,2.074216761447781,9.812193311526132,4.180585101846091,34.67731174977291,32.8913448691053,10.376247086188698,3.934514918015205,1.3500664463706298,0.703519755727249,100
CPCRW,time zero saturation,C6,2.3200782205984214,16.66076206545142,4.788158863052137,26.69268893995689,28.72462741400956,15.200398245461663,2.3774993120846726,2.2656607534345783,0.9701261859506551,100
CPCRW,time zero saturation,C7,4.019612134826265,11.904517827165792,5.065221354775413,41.413643676991946,15.838575390276121,11.575815490914515,7.8629528142239975,1.6304838126070738,0.6891774982188789,100
CPCRW,time zero saturation,C8,3.1392142449731413,19.174781395507573,7.851848479251177,34.82150021756289,15.455781804046472,11.708654317822962,4.709750703597118,2.1688779029667904,0.9695909342718725,100
CPCRW,time zero saturation,C9,3.1637987795260596,10.104754893268874,5.418813356230917,27.10541957985083,28.682130677146507,19.292608527468214,3.3078607183715314,2.1295625629228043,0.7950509052142604,100
DWP,baseline,D1,6.175675080295128,19.445088633362392,6.6020662389492415,29.23597243133131,10.370158349411657,14.472110111102264,7.337881706044782,3.987202963007588,2.3738444864956505,100.00000000000001
DWP,baseline,D2,7.480210544626879,19.757311618189995,6.464634415191724,25.946574826949334,11.023125275979597,17.73006161860933,6.645262653672709,3.731269645455212,1.2215494013252253,100
DWP,baseline,D3,5.399223496838979,18.371578396456044,8.50903435177737,31.74912486138064,9.456060234825978,13.017140589772621,8.261420296307534,4.105028913068521,1.1313888595723107,100
DWP,baseline,D4,6.90372321985418,21.51223897391005,7.4890117530385725,27.339471953215842,10.85111041011818,13.167365275611083,7.468250719983648,3.8622775449208375,1.4065501493476018,100
DWP,drought,D21,1.9799565479920254,6.879216284818828,8.930490262538136,31.150678129882277,23.418626072578537,17.240868399018826,4.633784282270455,4.340228840577207,1.4261511803237032,100
DWP,drought,D22,1.6929103775488756,6.294894415419614,9.306484794561113,29.317168380128695,31.759917936269908,15.322854310395542,1.7201429587905386,2.7356745499082336,1.8499522769774774,100
DWP,drought,D23,2.4104176031331326,9.50346599193568,10.838129817827195,36.704878527457055,17.825991316262392,13.771236597165352,3.064413855391701,3.595944431997112,2.2855218588303874,100
DWP,drought,D24,1.3269443697329493,3.7403479840587837,9.754064355849586,36.21076729736678,27.067600679263524,15.072611662361535,3.238119485359449,2.620405589575951,0.969138576431442,100
DWP,drought,D25,1.6955387134158535,5.499972220444224,11.42833950720646,39.32618997899772,18.59504310034421,16.640627246368087,2.8784094081148943,2.7687378993284444,1.1671419257801066,100
DWP,field moist,D17,1.7739589601771166,8.650547402693492,10.736296971503567,34.45319998022556,18.641770111591956,15.447768697946783,4.621563623220091,4.243880215948582,1.4310140366928565,100
DWP,field moist,D18,2.188068929853958,10.157784952332342,8.313950789209148,25.364814063562015,29.142441075390302,17.774053556779325,1.5476320306902764,3.8188262835692712,1.692428318613367,100
DWP,field moist,D19,1.9003424354388394,8.181881059524535,10.716096684678504,33.94507175272406,21.9841796012704,16.84417470496547,1.8368331506914293,3.379193447155109,1.2122271635516557,100.00000000000001
DWP,field moist,D20,2.354580770844779,10.287393914499525,6.792101514157905,23.57732224401682,25.062515171569114,24.00679671298511,2.3250715187073023,3.656590013368079,1.937628139851358,100
DWP,saturation,D11,2.2006552451628476,10.488514468344077,9.510076949412458,32.072286264185514,21.05193145722485,13.90343097615352,3.3834472488594196,4.022283259482645,3.367374131174663,100
DWP,saturation,D12,2.2058844396513533,11.212860009853651,8.106156682597065,29.891086738127004,20.56406985897767,17.421544633601,2.360164727894684,4.238161287234088,4.0000716220634835,100
DWP,saturation,D13,1.1981637497925721,5.413416687211253,8.522506764875285,35.95417690603718,25.346017870563198,12.765597834700907,4.904730293233243,4.063524888575253,1.8318650050110985,100
DWP,saturation,D14,1.631391248882693,9.646941993900272,11.530369779855448,36.88808693392892,17.015151931428818,12.812786522113178,3.4306235316276776,4.56250218994268,2.482145868320303,99.99999999999999
DWP,saturation,D15,1.4533249546461469,8.21523581846836,15.019451203945067,43.27765157483971,12.881801764263335,9.558964552143122,3.54325162537102,4.03185504938772,2.018463456935512,100
DWP,time zero saturation,D10,2.208982216523097,8.28657375433058,10.41478921009096,47.993469288016144,9.662668846290245,13.414409480551809,4.44525412798139,2.483793359023495,1.0900597171922737,100
DWP,time zero saturation,D6,2.8471985132921995,16.56702542094212,9.817146239659948,29.699655456798805,15.374160856066336,15.126269207624132,3.901445702695986,4.879910032665583,1.7871885702548929,100
DWP,time zero saturation,D7,3.157693792806576,15.208003762231876,9.41768857544917,26.426813982469675,19.358164711879965,15.064229257282904,3.4952970443385487,5.160238517765351,2.7118703557759334,100
DWP,time zero saturation,D8,2.2115666105966536,13.271024560990226,8.550504864854926,24.32471698873232,28.358818111919945,11.637250625161478,3.6872836665526494,5.068191315198418,2.8906432559933934,100
DWP,time zero saturation,D9,3.340176744613291,17.74630842259226,10.632188015605154,30.371848324832914,14.86366637519871,11.771757197905435,4.746378925777873,4.782392315818456,1.7452836776558935,99.99999999999999
SR,baseline,S12,3.3056137073855085,12.316216244237305,13.529252520629349,31.292246671563365,18.207384089508444,11.287138913713372,3.1622926006804257,2.0794953856214664,4.8203598666607625,100
SR,baseline,S20,3.048772017061326,10.546684173886646,11.364837795388068,21.729821909011843,28.64263460099517,17.731920470312883,1.82042352988997,1.5109072025180486,3.6039983009360546,100
SR,baseline,S22,2.671536089935037,14.516308818173956,12.365586606820926,27.962433606266764,22.574041823155643,11.412670416347147,2.9448502044638922,1.5777586253450346,3.9748138094916063,100
SR,baseline,S6,3.1809434337655595,14.20422079246255,15.874221848411926,31.24154754852373,16.301919727069183,9.596666137349485,3.2667514014679684,1.9066239918602532,4.427105119089342,100
SR,baseline,S8,1.8734437919757827,7.006132512913255,15.702142279053279,21.760432706546656,34.058857638753615,12.417573843220069,2.4946288117851685,1.5206941926745352,3.1660942230776348,100
SR,drought,S10,2.5744471811192615,16.666144105309407,12.892028682667375,42.22561670806077,8.064331612706459,7.8573942035841835,4.4841120224818765,2.4329226688663277,2.8030028152043354,100
SR,drought,S14,2.8581098039176918,13.34375011602772,11.329315179098717,42.10564871584694,8.066564077218251,13.888102199248966,4.1359989880516075,2.2653535573014025,2.0071573632886923,100
SR,drought,S25,3.611937672450672,15.758952441875257,8.846614591315928,37.5483117199031,11.188005132295316,12.824116389701425,3.3870311678814358,2.877127120603308,3.9579037639735577,99.99999999999999
SR,drought,S4,4.058035733559152,19.086618883328793,9.141304968228297,29.685169665683496,11.817946983374538,18.537835354575222,1.9512597512839363,2.721858290369558,2.9999703695970186,100
SR,drought,S5,4.149548237549513,12.872656067189725,10.053721560994772,30.439518836840772,13.136327991472099,18.24529811298267,2.6919258163546056,2.123535929070874,6.2874674475449694,100
SR,field moist,S1,4.3196297430492105,14.937201760184164,4.171228935014311,34.289489858943,12.28933052703641,23.600832967926674,2.09935865058988,1.1390182000070053,3.153909357249357,100
SR,field moist,S13,3.5652436522210476,10.865446752804845,12.371232814714034,32.721395174370805,18.54624298806062,12.711863461448896,2.7726815328883103,1.7603340941175951,4.685559529373847,100
SR,field moist,S15,4.28011316512309,13.318601116598268,4.0915415945949265,31.267736527107477,13.58054996779887,26.520011226139484,2.153519029759246,1.0006042014418326,3.7873231714368045,100
SR,field moist,S19,4.5170939419087,10.343261735829127,9.750103110103007,33.55982174832765,18.714981183369087,14.222550244847557,2.61276893449322,1.4453833073662052,4.834035793755453,100
SR,field moist,S21,4.122075218431767,12.446578832239151,6.801347251630321,39.10074636812137,15.090796318521885,14.064455675871057,3.557960423800604,1.2891044763886286,3.5269354349952122,100
SR,saturation,S18,3.2408805396923523,13.756345204755913,7.5848659652470065,34.17912791300355,17.322859824726194,17.137362513283506,2.861939824049802,1.003532738421416,2.9130854768202687,100
SR,saturation,S2,3.1354002135889405,9.756143320302417,11.040929490678856,27.530098268803645,12.544599576601295,25.05151884095239,3.527873583520113,1.9962894936644444,5.417147211887914,100
SR,saturation,S24,3.292606982986556,12.88605936087927,6.881569012154311,37.38224397399506,15.612713312113522,16.42428430558679,3.342006967018342,1.1452724876875078,3.0332435975786427,100
SR,saturation,S3,3.6899284971154134,13.799000397079505,4.285951570662331,35.7160867186387,14.53924163026206,21.947438838700975,2.3463101629594276,1.4232512602761964,2.2527909243053834,100
SR,saturation,S7,3.498396150938545,13.816778433959417,8.166500514708023,32.94348115745642,15.24745310230784,15.416252498053609,2.6370450851770597,1.8875192051794576,6.386573852219629,100
SR,time zero saturation,S11,2.6575110622931444,8.4150721723492,9.024711400502143,24.30880401345937,31.705381818367048,15.287820558126302,2.3829141311212196,2.1029934141994158,4.11479142958216,100
SR,time zero saturation,S16,3.8971975406120167,11.873887916013885,7.917630239579951,25.494976570024768,21.581421072636143,16.91703090002395,2.349779726313865,2.0670472555189536,7.901028779276472,100
SR,time zero saturation,S17,2.46562680654498,8.719684489795766,10.941903153575769,26.46346893617549,28.58728323252994,14.383943588024257,2.824876512381161,1.269241907754374,4.343971373218255,100
SR,time zero saturation,S23,3.4976097824575465,11.621422085542708,9.02915371468502,30.484494164115866,17.145178538622606,19.192202257372763,2.6724180464203475,2.2428000948446236,4.114721315938527,100
SR,time zero saturation,S9,3.3015115848746817,11.33402682474257,11.665759990442698,27.627114175052508,16.073945824427557,19.831222227880858,3.176367411428539,2.4599677141439504,4.530084247006649,100
